MAE: 8528.584819612443
MAPE: 0.34655752487128216
Confidence Interval: 95%
